   77   1.59500
   77   1.68400
   75   1.78000
   77   1.87600
   75   1.97200
   77   2.06800
   80   2.16300
   72   0.82800
   75   1.89500
   75   2.24700
   77   0.03000
   77   0.12400
   75   0.22000
   77   0.31600
   75   0.41200
   77   0.50800
   80   0.60400
   72   1.27400
   75   1.56400
   75   1.85200
    0   0.00000
    0   0.00000
    0   0.00000
    0   0.00000
    0   0.00000
    0   0.00000
    0   0.00000
    0   0.00000
    0   0.00000
    0   0.00000
    0   0.00000
    0   0.00000
    0   0.00000
    0   0.00000
    0   0.00000
    0   0.00000
    0   0.00000
    0   0.00000
    0   0.00000
    0   0.00000
    0   0.00000
    0   0.00000
    0   0.00000
    0   0.00000
    0   0.00000
    0   0.00000
    0   0.00000
    0   0.00000
    0   0.00000
    0   0.00000
    0   0.00000
    0   0.00000
    0   0.00000
    0   0.00000
    0   0.00000
    0   0.00000
    0   0.00000
    0   0.00000
    0   0.00000
    0   0.00000
    0   0.00000
    0   0.00000
    0   0.00000
    0   0.00000
    0   0.00000
    0   0.00000
    0   0.00000
    0   0.00000
    0   0.00000
    0   0.00000
    0   0.00000
    0   0.00000
    0   0.00000
    0   0.00000
    0   0.00000
    0   0.00000
    0   0.00000
    0   0.00000
    0   0.00000
    0   0.00000
    0   0.00000
    0   0.00000
    0   0.00000
    0   0.00000
    0   0.00000
    0   0.00000
    0   0.00000
    0   0.00000
    0   0.00000
    0   0.00000
    0   0.00000
    0   0.00000
    0   0.00000
    0   0.00000
    0   0.00000
    0   0.00000
    0   0.00000
    0   0.00000
    0   0.00000
    0   0.00000
    0   0.00000
    0   0.00000
    0   0.00000
    0   0.00000
    0   0.00000
    0   0.00000
    0   0.00000
    0   0.00000
    0   0.00000
    0   0.00000
    0   0.00000
    0   0.00000
    0   0.00000
    0   0.00000
    0   0.00000
    0   0.00000
    0   0.00000
    0   0.00000
    0   0.00000
    0   0.00000
    0   0.00000
    0   0.00000
    0   0.00000
    0   0.00000
    0   0.00000
    0   0.00000
    0   0.00000
    0   0.00000
    0   0.00000
    0   0.00000
    0   0.00000
    0   0.00000
    0   0.00000
    0   0.00000
    0   0.00000
    0   0.00000
    0   0.00000
    0   0.00000
    0   0.00000
    0   0.00000
    0   0.00000
    0   0.00000
    0   0.00000
    0   0.00000
    0   0.00000
    0   0.00000
    0   0.00000
    0   0.00000
    0   0.00000
    0   0.00000
    0   0.00000
    0   0.00000
    0   0.00000
    0   0.00000
    0   0.00000
    0   0.00000
    0   0.00000
    0   0.00000
    0   0.00000
    0   0.00000
    0   0.00000
    0   0.00000
    0   0.00000
    0   0.00000
    0   0.00000
    0   0.00000
    0   0.00000
    0   0.00000
    0   0.00000
    0   0.00000
    0   0.00000
    0   0.00000
    0   0.00000
    0   0.00000
    0   0.00000
    0   0.00000
    0   0.00000
    0   0.00000
    0   0.00000
    0   0.00000
    0   0.00000
    0   0.00000
    0   0.00000
    0   0.00000
    0   0.00000
    0   0.00000
    0   0.00000
    0   0.00000
    0   0.00000
    0   0.00000
    0   0.00000
    0   0.00000
    0   0.00000
    0   0.00000
    0   0.00000
    0   0.00000
    0   0.00000
    0   0.00000
    0   0.00000
    0   0.00000
    0   0.00000
    0   0.00000
    0   0.00000
    0   0.00000
    0   0.00000
    0   0.00000
    0   0.00000
    0   0.00000
    0   0.00000
    0   0.00000
    0   0.00000
    0   0.00000
    0   0.00000
    0   0.00000
    0   0.00000
    0   0.00000
    0   0.00000
    0   0.00000
    0   0.00000
    0   0.00000
    0   0.00000
    0   0.00000
    0   0.00000
    0   0.00000
    0   0.00000
    0   0.00000
    0   0.00000
    0   0.00000
    0   0.00000
    0   0.00000
    0   0.00000
    0   0.00000
    0   0.00000
    0   0.00000
    0   0.00000
    0   0.00000
    0   0.00000
    0   0.00000
    0   0.00000
    0   0.00000
    0   0.00000
    0   0.00000
    0   0.00000
    0   0.00000
    0   0.00000
    0   0.00000
    0   0.00000
    0   0.00000
    0   0.00000
    0   0.00000
    0   0.00000
    0   0.00000
    0   0.00000
    0   0.00000
    0   0.00000
    0   0.00000
    0   0.00000
    0   0.00000
    0   0.00000
    0   0.00000
    0   0.00000
    0   0.00000
    0   0.00000
    0   0.00000
    0   0.00000
    0   0.00000
    0   0.00000
    0   0.00000
    0   0.00000
    0   0.00000
    0   0.00000
    0   0.00000
    0   0.00000
    0   0.00000
    0   0.00000
    0   0.00000
    0   0.00000
    0   0.00000
    0   0.00000
    0   0.00000
    0   0.00000
    0   0.00000
    0   0.00000
    0   0.00000
    0   0.00000
    0   0.00000
    0   0.00000
    0   0.00000
    0   0.00000
    0   0.00000
    0   0.00000
    0   0.00000
    0   0.00000
    0   0.00000
    0   0.00000
    0   0.00000
    0   0.00000
    0   0.00000
    0   0.00000
    0   0.00000
    0   0.00000
    0   0.00000
    0   0.00000
    0   0.00000
    0   0.00000
    0   0.00000
    0   0.00000
    0   0.00000
    0   0.00000
    0   0.00000
    0   0.00000
    0   0.00000
    0   0.00000
    0   0.00000
    0   0.00000
    0   0.00000
    0   0.00000
    0   0.00000
    0   0.00000
    0   0.00000
    0   0.00000
    0   0.00000
    0   0.00000
    0   0.00000
    0   0.00000
    0   0.00000
    0   0.00000
    0   0.00000
    0   0.00000
    0   0.00000
    0   0.00000
    0   0.00000
    0   0.00000
    0   0.00000
    0   0.00000
    0   0.00000
    0   0.00000
    0   0.00000
    0   0.00000
    0   0.00000
    0   0.00000
    0   0.00000
    0   0.00000
    0   0.00000
    0   0.00000
    0   0.00000
    0   0.00000
    0   0.00000
    0   0.00000
    0   0.00000
    0   0.00000
    0   0.00000
    0   0.00000
    0   0.00000
    0   0.00000
    0   0.00000
    0   0.00000
    0   0.00000
    0   0.00000
    0   0.00000
    0   0.00000
    0   0.00000
    0   0.00000
    0   0.00000
    0   0.00000
    0   0.00000
    0   0.00000
    0   0.00000
    0   0.00000
    0   0.00000
    0   0.00000
    0   0.00000
    0   0.00000
    0   0.00000
    0   0.00000
    0   0.00000
    0   0.00000
    0   0.00000
    0   0.00000
    0   0.00000
    0   0.00000
    0   0.00000
    0   0.00000
    0   0.00000
    0   0.00000
    0   0.00000
    0   0.00000
    0   0.00000
    0   0.00000
    0   0.00000
    0   0.00000
    0   0.00000
    0   0.00000
    0   0.00000
    0   0.00000
    0   0.00000
    0   0.00000
    0   0.00000
    0   0.00000
    0   0.00000
    0   0.00000
    0   0.00000
    0   0.00000
    0   0.00000
    0   0.00000
    0   0.00000
    0   0.00000
    0   0.00000
    0   0.00000
    0   0.00000
    0   0.00000
    0   0.00000
    0   0.00000
    0   0.00000
    0   0.00000
    0   0.00000
    0   0.00000
    0   0.00000
    0   0.00000
    0   0.00000
    0   0.00000
    0   0.00000
    0   0.00000
    0   0.00000
    0   0.00000
    0   0.00000
    0   0.00000
    0   0.00000
    0   0.00000
    0   0.00000
    0   0.00000
    0   0.00000
    0   0.00000
    0   0.00000
    0   0.00000
    0   0.00000
    0   0.00000
    0   0.00000
    0   0.00000
    0   0.00000
    0   0.00000
    0   0.00000
    0   0.00000
    0   0.00000
    0   0.00000
    0   0.00000
    0   0.00000
    0   0.00000
    0   0.00000
    0   0.00000
    0   0.00000
    0   0.00000
    0   0.00000
    0   0.00000
    0   0.00000
    0   0.00000
    0   0.00000
    0   0.00000
    0   0.00000
    0   0.00000
    0   0.00000
    0   0.00000
    0   0.00000
    0   0.00000
    0   0.00000
    0   0.00000
    0   0.00000
    0   0.00000
    0   0.00000
    0   0.00000
    0   0.00000
    0   0.00000
    0   0.00000
    0   0.00000
    0   0.00000
    0   0.00000
    0   0.00000
    0   0.00000
    0   0.00000
    0   0.00000
    0   0.00000
    0   0.00000
    0   0.00000
    0   0.00000
    0   0.00000
    0   0.00000
    0   0.00000
    0   0.00000
    0   0.00000
    0   0.00000
    0   0.00000
    0   0.00000
    0   0.00000
    0   0.00000
    0   0.00000
    0   0.00000
    0   0.00000
    0   0.00000
    0   0.00000
    0   0.00000
    0   0.00000
    0   0.00000
    0   0.00000
    0   0.00000
    0   0.00000
    0   0.00000
    0   0.00000
    0   0.00000
    0   0.00000
    0   0.00000
    0   0.00000
    0   0.00000
    0   0.00000
    0   0.00000
    0   0.00000
    0   0.00000
    0   0.00000
    0   0.00000
    0   0.00000
    0   0.00000
    0   0.00000
    0   0.00000
    0   0.00000
    0   0.00000
    0   0.00000
    0   0.00000
    0   0.00000
    0   0.00000
    0   0.00000
    0   0.00000
    0   0.00000
    0   0.00000
    0   0.00000
    0   0.00000
    0   0.00000
    0   0.00000
    0   0.00000
    0   0.00000
    0   0.00000
    0   0.00000
    0   0.00000
    0   0.00000
    0   0.00000
    0   0.00000
    0   0.00000
    0   0.00000
    0   0.00000
    0   0.00000
    0   0.00000
    0   0.00000
    0   0.00000
    0   0.00000
    0   0.00000
    0   0.00000
    0   0.00000
    0   0.00000
    0   0.00000
    0   0.00000
    0   0.00000
    0   0.00000
    0   0.00000
    0   0.00000
    0   0.00000
    0   0.00000
    0   0.00000
    0   0.00000
    0   0.00000
    0   0.00000
    0   0.00000
    0   0.00000
    0   0.00000
    0   0.00000
    0   0.00000
    0   0.00000
    0   0.00000
    0   0.00000
    0   0.00000
    0   0.00000
    0   0.00000
    0   0.00000
    0   0.00000
    0   0.00000
    0   0.00000
    0   0.00000
    0   0.00000
    0   0.00000
    0   0.00000
    0   0.00000
    0   0.00000
    0   0.00000
    0   0.00000
    0   0.00000
    0   0.00000
    0   0.00000
    0   0.00000
    0   0.00000
    0   0.00000
    0   0.00000
    0   0.00000
    0   0.00000
    0   0.00000
    0   0.00000
    0   0.00000
    0   0.00000
    0   0.00000
    0   0.00000
    0   0.00000
    0   0.00000
    0   0.00000
    0   0.00000
    0   0.00000
    0   0.00000
    0   0.00000
    0   0.00000
    0   0.00000
    0   0.00000
    0   0.00000
    0   0.00000
    0   0.00000
    0   0.00000
    0   0.00000
    0   0.00000
    0   0.00000
    0   0.00000
    0   0.00000
    0   0.00000
    0   0.00000
    0   0.00000
    0   0.00000
    0   0.00000
    0   0.00000
    0   0.00000
    0   0.00000
    0   0.00000
    0   0.00000
    0   0.00000
    0   0.00000
    0   0.00000
    0   0.00000
    0   0.00000
    0   0.00000
    0   0.00000
    0   0.00000
    0   0.00000
    0   0.00000
    0   0.00000
    0   0.00000
    0   0.00000
    0   0.00000
    0   0.00000
    0   0.00000
    0   0.00000
    0   0.00000
    0   0.00000
    0   0.00000
    0   0.00000
    0   0.00000
    0   0.00000
    0   0.00000
    0   0.00000
    0   0.00000
    0   0.00000
    0   0.00000
    0   0.00000
    0   0.00000
    0   0.00000
    0   0.00000
    0   0.00000
    0   0.00000
    0   0.00000
    0   0.00000
    0   0.00000
    0   0.00000
    0   0.00000
    0   0.00000
    0   0.00000
    0   0.00000
    0   0.00000
    0   0.00000
    0   0.00000
    0   0.00000
    0   0.00000
    0   0.00000
    0   0.00000
    0   0.00000
    0   0.00000
    0   0.00000
    0   0.00000
    0   0.00000
    0   0.00000
    0   0.00000
    0   0.00000
    0   0.00000
    0   0.00000
    0   0.00000
    0   0.00000
    0   0.00000
    0   0.00000
    0   0.00000
    0   0.00000
    0   0.00000
    0   0.00000
    0   0.00000
    0   0.00000
    0   0.00000
    0   0.00000
    0   0.00000
    0   0.00000
    0   0.00000
    0   0.00000
    0   0.00000
    0   0.00000
    0   0.00000
    0   0.00000
    0   0.00000
    0   0.00000
    0   0.00000
    0   0.00000
    0   0.00000
    0   0.00000
    0   0.00000
    0   0.00000
    0   0.00000
    0   0.00000
    0   0.00000
    0   0.00000
    0   0.00000
    0   0.00000
    0   0.00000
    0   0.00000
    0   0.00000
    0   0.00000
    0   0.00000
    0   0.00000
    0   0.00000
    0   0.00000
    0   0.00000
    0   0.00000
    0   0.00000
    0   0.00000
    0   0.00000
    0   0.00000
    0   0.00000
    0   0.00000
    0   0.00000
    0   0.00000
    0   0.00000
    0   0.00000
    0   0.00000
    0   0.00000
    0   0.00000
    0   0.00000
    0   0.00000
    0   0.00000
    0   0.00000
    0   0.00000
    0   0.00000
    0   0.00000
    0   0.00000
    0   0.00000
    0   0.00000
    0   0.00000
    0   0.00000
    0   0.00000
    0   0.00000
    0   0.00000
    0   0.00000
    0   0.00000
    0   0.00000
    0   0.00000
    0   0.00000
    0   0.00000
    0   0.00000
    0   0.00000
    0   0.00000
    0   0.00000
    0   0.00000
    0   0.00000
    0   0.00000
    0   0.00000
    0   0.00000
    0   0.00000
    0   0.00000
    0   0.00000
    0   0.00000
    0   0.00000
    0   0.00000
    0   0.00000
    0   0.00000
    0   0.00000
    0   0.00000
    0   0.00000
    0   0.00000
    0   0.00000
    0   0.00000
    0   0.00000
    0   0.00000
    0   0.00000
    0   0.00000
    0   0.00000
    0   0.00000
    0   0.00000
    0   0.00000
    0   0.00000
    0   0.00000
    0   0.00000
    0   0.00000
    0   0.00000
    0   0.00000
    0   0.00000
    0   0.00000
    0   0.00000
    0   0.00000
    0   0.00000
    0   0.00000
    0   0.00000
    0   0.00000
    0   0.00000
    0   0.00000
    0   0.00000
    0   0.00000
    0   0.00000
    0   0.00000
    0   0.00000
    0   0.00000
    0   0.00000
    0   0.00000
    0   0.00000
    0   0.00000
    0   0.00000
    0   0.00000
    0   0.00000
    0   0.00000
    0   0.00000
    0   0.00000
    0   0.00000
    0   0.00000
    0   0.00000
    0   0.00000
    0   0.00000
    0   0.00000
    0   0.00000
    0   0.00000
    0   0.00000
    0   0.00000
    0   0.00000
    0   0.00000
    0   0.00000
    0   0.00000
    0   0.00000
    0   0.00000
    0   0.00000
    0   0.00000
    0   0.00000
    0   0.00000
    0   0.00000
    0   0.00000
    0   0.00000
    0   0.00000
    0   0.00000
    0   0.00000
    0   0.00000
    0   0.00000
    0   0.00000
    0   0.00000
    0   0.00000
    0   0.00000
    0   0.00000
    0   0.00000
    0   0.00000
    0   0.00000
    0   0.00000
    0   0.00000
    0   0.00000
    0   0.00000
    0   0.00000
    0   0.00000
    0   0.00000
    0   0.00000
    0   0.00000
    0   0.00000
    0   0.00000
    0   0.00000
    0   0.00000
    0   0.00000
    0   0.00000
    0   0.00000
    0   0.00000
    0   0.00000
    0   0.00000
    0   0.00000
    0   0.00000
    0   0.00000
    0   0.00000
    0   0.00000
    0   0.00000
    0   0.00000
    0   0.00000
    0   0.00000
    0   0.00000
    0   0.00000
    0   0.00000
    0   0.00000
    0   0.00000
    0   0.00000
    0   0.00000
    0   0.00000
    0   0.00000
    0   0.00000
    0   0.00000
    0   0.00000
    0   0.00000
    0   0.00000
    0   0.00000
    0   0.00000
    0   0.00000
    0   0.00000
    0   0.00000
    0   0.00000
    0   0.00000
    0   0.00000
    0   0.00000
    0   0.00000
    0   0.00000
    0   0.00000
    0   0.00000
    0   0.00000
    0   0.00000
    0   0.00000
    0   0.00000
    0   0.00000
    0   0.00000
    0   0.00000
    0   0.00000
    0   0.00000
    0   0.00000
    0   0.00000
    0   0.00000
    0   0.00000
    0   0.00000
    0   0.00000
    0   0.00000
    0   0.00000
    0   0.00000
    0   0.00000
    0   0.00000
    0   0.00000
    0   0.00000
    0   0.00000
    0   0.00000
    0   0.00000
    0   0.00000
    0   0.00000
    0   0.00000
    0   0.00000
    0   0.00000
    0   0.00000
    0   0.00000
    0   0.00000
    0   0.00000
    0   0.00000
    0   0.00000
    0   0.00000
    0   0.00000
    0   0.00000
    0   0.00000
    0   0.00000
    0   0.00000
    0   0.00000
    0   0.00000
    0   0.00000
    0   0.00000
    0   0.00000
    0   0.00000
    0   0.00000
    0   0.00000
    0   0.00000
    0   0.00000
    0   0.00000
    0   0.00000
    0   0.00000
    0   0.00000
    0   0.00000
    0   0.00000
    0   0.00000
    0   0.00000
    0   0.00000
    0   0.00000
    0   0.00000
    0   0.00000
    0   0.00000
    0   0.00000
    0   0.00000
    0   0.00000
    0   0.00000
    0   0.00000
    0   0.00000
    0   0.00000
    0   0.00000
    0   0.00000
